14
1 2 153.76
1 3 510.313
1 4 706.593
1 5 966.897
1 6 581.805
1 7 455.559
1 8 70.8836
1 9 160.575
1 10 372.41
1 11 157.675
1 12 567.225
1 13 342.392
1 14 398.343
2 3 422.817
2 4 664.486
2 5 997.545
2 6 598.775
2 7 507.967
2 8 197.051
2 9 311.92
2 10 479.227
2 11 310.21
2 12 581.918
2 13 417.114
2 14 376.292
3 4 289.045
3 5 744.336
3 6 390.546
3 7 437.805
3 8 491.897
3 9 645.354
3 10 880.591
3 11 618.899
3 12 374.073
3 13 455.765
3 14 211.758
4 5 491.444
4 6 265.118
4 7 410.909
4 8 664.445
4 9 804.735
4 10 1070.3
4 11 768.451
4 12 259.95
4 13 499.694
4 14 310.201
5 6 400.838
5 7 514.463
5 8 902.171
5 9 990.224
5 10 1261.74
5 11 947.561
5 12 418.286
5 13 635.827
5 14 636.869
6 7 168.447
6 8 522.199
6 9 634.561
6 10 910.288
6 11 593.37
6 12 19.0762
6 13 284.568
6 14 239.959
7 8 389.398
7 9 482.015
7 10 757.076
7 11 439.738
7 12 163.482
7 13 124.95
7 14 232.742
8 9 154.637
8 10 406.874
8 11 133.202
8 12 508.383
8 13 273.824
8 14 355.387
9 10 276.835
9 11 43.6464
9 12 623.091
9 13 358.115
9 14 498.483
10 11 318.584
10 12 898.638
10 13 633.145
10 14 761.258
11 12 582.174
11 13 315.807
11 14 464.092
12 13 275.875
12 14 221.925
13 14 247.267
